INPUT NONE
[10, 10, 10, 61, 61, 32, 72, 117, 108, 108, 32, 66, 114, 101, 97, 99, 104, 32, 61, 61, 10, 89, 111, 117, 32, 103, 111, 116, 32, 105, 110, 32, 116, 104, 114, 111, 117, 103, 104, 32, 97, 32, 104, 111, 108, 101, 32, 105, 110, 32, 116, 104, 101, 32, 102, 108, 111, 111, 114, 32, 104, 101, 114, 101, 46, 32, 84, 111, 32, 107, 101, 101, 112, 32, 121, 111, 117, 114, 32, 115, 104, 105, 112, 32, 102, 114, 111, 109, 32, 97, 108, 115, 111, 32, 102, 114, 101, 101, 122, 105, 110, 103, 44, 32, 116, 104, 101, 32, 104, 111, 108, 101, 32, 104, 97, 115, 32, 98, 101, 101, 110, 32, 115, 101, 97, 108, 101, 100, 46, 10, 10, 68, 111, 111, 114, 115, 32, 104, 101, 114, 101, 32, 108, 101, 97, 100, 58, 10, 45, 32, 101, 97, 115, 116, 10, 45, 32, 115, 111, 117, 116, 104, 10, 10, 67, 111, 109, 109, 97, 110, 100, 63, 10]
****************END*************



== Hull Breach ==
You got in through a hole in the floor here. To keep your ship from also freezing, the hole has been sealed.

Doors here lead:
- east
- south

Command?

%%%%%%%%%%%%%%% NEW VM  2663
INPUT 101
INPUT 97
INPUT 115
INPUT 116
INPUT 10
INPUT NONE
east [10, 10, 10, 61, 61, 32, 72, 117, 108, 108, 32, 66, 114, 101, 97, 99, 104, 32, 61, 61, 10, 89, 111, 117, 32, 103, 111, 116, 32, 105, 110, 32, 116, 104, 114, 111, 117, 103, 104, 32, 97, 32, 104, 111, 108, 101, 32, 105, 110, 32, 116, 104, 101, 32, 102, 108, 111, 111, 114, 32, 104, 101, 114, 101, 46, 32, 84, 111, 32, 107, 101, 101, 112, 32, 121, 111, 117, 114, 32, 115, 104, 105, 112, 32, 102, 114, 111, 109, 32, 97, 108, 115, 111, 32, 102, 114, 101, 101, 122, 105, 110, 103, 44, 32, 116, 104, 101, 32, 104, 111, 108, 101, 32, 104, 97, 115, 32, 98, 101, 101, 110, 32, 115, 101, 97, 108, 101, 100, 46, 10, 10, 68, 111, 111, 114, 115, 32, 104, 101, 114, 101, 32, 108, 101, 97, 100, 58, 10, 45, 32, 101, 97, 115, 116, 10, 45, 32, 115, 111, 117, 116, 104, 10, 10, 67, 111, 109, 109, 97, 110, 100, 63, 10]
%%%%%%%%%%%%%%% NEW VM  2663
INPUT 115
INPUT 111
INPUT 117
INPUT 116
INPUT 104
INPUT 10
INPUT NONE
south [10, 10, 10, 61, 61, 32, 72, 117, 108, 108, 32, 66, 114, 101, 97, 99, 104, 32, 61, 61, 10, 89, 111, 117, 32, 103, 111, 116, 32, 105, 110, 32, 116, 104, 114, 111, 117, 103, 104, 32, 97, 32, 104, 111, 108, 101, 32, 105, 110, 32, 116, 104, 101, 32, 102, 108, 111, 111, 114, 32, 104, 101, 114, 101, 46, 32, 84, 111, 32, 107, 101, 101, 112, 32, 121, 111, 117, 114, 32, 115, 104, 105, 112, 32, 102, 114, 111, 109, 32, 97, 108, 115, 111, 32, 102, 114, 101, 101, 122, 105, 110, 103, 44, 32, 116, 104, 101, 32, 104, 111, 108, 101, 32, 104, 97, 115, 32, 98, 101, 101, 110, 32, 115, 101, 97, 108, 101, 100, 46, 10, 10, 68, 111, 111, 114, 115, 32, 104, 101, 114, 101, 32, 108, 101, 97, 100, 58, 10, 45, 32, 101, 97, 115, 116, 10, 45, 32, 115, 111, 117, 116, 104, 10, 10, 67, 111, 109, 109, 97, 110, 100, 63, 10]



== Hull Breach ==
You got in through a hole in the floor here. To keep your ship from also freezing, the hole has been sealed.

Doors here lead:
- east
- south

Command?




== Hull Breach ==
You got in through a hole in the floor here. To keep your ship from also freezing, the hole has been sealed.

Doors here lead:
- east
- south

Command?

